-------------- Rooms with no exits --------------
0
1
2
3
4
5
6
30
31
42
60
65
69
70
72
76
88
90
98
100
328
456
499
508
509
510
511
512
513
514
515
516
517
518
519
520
521
522
523
524
525
596
708
709
710
1346
1347
1399
1420
1455
1478
1479
1497
1505
1506
1507
1508
1509
1510
1511
1512
1513
1519
1521
1635
1665
1666
2100
2560
2579
3017
3018
3019
3020
3021
3022
3023
3024
3025
3026
3027
3028
3029
3030
3066
3102
3444
3511
3522
3567
3572
3597
3600
3601
3602
3700
3709
3710
3711
3712
3717
3718
3741
3742
3743
3799
4131
4147
4148
4149
4150
4151
4152
4153
4154
4155
4156
4157
4158
4159
4160
4161
4162
4163
4164
4165
4166
4167
4168
4169
4170
4171
4172
4173
4174
4200
4201
4202
4203
4204
4205
4206
4207
4208
4209
4210
4211
4212
4213
4214
4215
4216
4217
4218
4219
4220
4221
4222
4223
4224
4225
4226
4227
4228
4229
4230
4231
4232
4233
4234
4235
4236
4237
4238
4239
4240
4588
4598
4599
4900
4941
4942
4943
4944
4945
4946
4947
4948
4949
4950
4951
4952
4953
4954
4955
4956
4957
4958
4959
4960
4961
4962
4963
4964
4965
4966
4967
4968
4969
4970
4971
4972
4973
4974
4975
4976
4977
4978
4979
4980
5000
5150
5151
5152
5196
5197
5198
5366
5370
5371
5372
5373
5374
5375
5376
5377
5378
5379
5380
5381
5382
5383
5384
5385
5386
5387
5388
5389
5390
5391
5392
5393
5394
5395
5396
5397
5398
5399
5400
5401
5402
5403
5404
5405
5406
5407
5408
5409
5410
5411
5412
5413
5414
5415
5416
5417
5418
5419
5420
5421
5422
5423
5424
5425
5426
5427
5428
5429
5430
5431
5432
5433
5434
5435
5436
5437
5438
5439
5440
5441
5442
5443
5444
5445
5446
5447
5448
5449
5450
5451
5452
5453
5454
5455
5456
5457
5458
5459
5460
5461
5462
5463
5464
5465
5466
5467
5468
5469
5470
5471
5472
5473
5474
5475
5476
5477
5478
5479
5480
5481
5482
5483
5484
5485
5486
5487
5488
5489
5499
5600
5690
5900
5902
5903
5904
5905
5906
5907
5908
5909
5910
6000
6099
6120
6200
6255
6299
6362
6363
6364
6365
6400
6450
6451
6454
6457
6458
6461
6463
6467
6468
6469
6470
6473
6474
6475
6476
6496
6497
6698
6699
6777
6791
6800
6900
7600
7714
8800
8898
8899
8900
9361
10000
10147
10386
10751
10789
10790
10884
10899
11500
11518
11538
11548
11600
11700
11701
11702
11703
11704
11705
11706
11707
11708
11709
11710
11711
11712
11713
11714
11715
11716
11717
11718
11719
11720
11721
11722
11723
11724
11725
11726
11727
11728
11729
11730
11731
11732
11734
11735
11736
11737
11738
11739
11740
11741
11742
11743
11744
11745
11746
11747
11748
11749
11750
11751
11752
11753
11754
11755
11756
11757
11758
11759
11760
11761
11762
11763
11764
11765
11766
11767
11768
11769
11770
11771
11772
11773
11774
11775
11800
11801
11802
11803
12017
12040
12043
12056
12057
12058
12059
12061
12062
12063
12064
12065
12066
12067
12068
12069
12070
12071
12072
12073
12074
12076
12077
12078
12087
12099
13037
13047
13053
13081
13091
13092
13099
14116
14117
14118
14119
14120
14121
14122
14123
14124
14125
14181
14182
14183
14184
14185
14186
14187
14188
14189
14190
14191
14192
14193
14194
14195
14196
14197
14198
14199
14297
14298
14299
14330
14488
14489
14534
14580
14581
14582
14583
14584
14585
14586
14587
14588
14589
14590
14591
14592
14593
14594
14595
14600
14700
14800
15000
15060
15061
15062
15063
15064
15065
15066
15067
15068
15069
15070
15071
15072
15073
15074
15075
15076
15077
15078
15079
15080
15081
15082
15083
15084
15085
15086
15087
15088
15089
15090
15091
15092
15093
15094
15095
15096
15097
15098
15099
15100
15101
15102
15103
15104
15105
15106
15107
15108
15109
15110
15111
15112
15113
15114
15115
15116
15117
15118
15119
15120
15121
15122
15123
15124
15125
15126
15127
15128
15129
15130
15131
15132
15133
15134
15135
15136
15137
15138
15139
15140
15141
15163
15164
15165
15166
15167
15168
15169
15170
15171
15172
15173
15174
15175
15176
15177
15178
15179
15180
15181
15182
15183
15184
15185
15186
15187
15188
15189
15190
15191
15192
15193
15194
15195
15196
15197
15198
15199
15200
15201
15203
15204
15205
15206
15207
15208
15209
15210
15211
15212
15213
15214
15215
15216
15217
15218
15219
15220
15221
15222
15223
15224
15225
15226
15227
15228
15229
15231
15232
15233
15234
15235
15236
15237
15238
15239
15240
15241
15242
15243
15244
15245
15246
15247
15248
15249
15250
15251
15252
15253
15254
15255
15256
15257
15258
15259
15260
15261
15262
15263
15264
15265
15266
15267
15268
15269
15270
15271
15272
15274
15275
15276
15277
15278
15279
15280
15281
15282
15283
15284
15285
15323
15332
15333
15338
15398
15400
15597
15715
15717
15718
15719
15800
15900
16029
16045
16132
16192
16388
16402
16403
16404
16407
16408
16409
16413
16414
16435
16437
16438
16439
16440
16441
16442
16443
16444
16445
16446
16447
16448
16449
16457
16461
16462
16463
16464
16467
16468
16469
16472
16478
16479
16480
16481
16482
16483
16484
16485
16486
16487
16488
16532
16533
16534
16535
16536
16537
16538
16539
16540
17290
17410
17410
17500
17559
17590
17599
18199
19025
19199
20505
20509
20511
20512
20513
20522
20531
20535
20537
20540
20544
20545
20548
20550
20552
20553
20560
20562
20567
20573
20580
20583
20586
20592
20594
20602
20616
20619
20623
20626
20632
20634
20642
20650
20652
20655
20657
20666
20672
20693
20703
20722
20723
20726
20727
20744
20756
20760
20762
20764
20771
20772
20776
20777
20795
20797
20800
20807
20810
20818
20825
20900
21000
22000
22500
23098
23099
23209
23301
23319
23347
23414
24089
24098
24099
24190
24191
25300
25389
25900
26002
26003
26004
26005
26008
26009
26010
26011
26012
26013
26014
26022
26027
26028
26041
26042
26052
26055
26069
26083
26111
26122
26125
26127
26128
26136
26139
26153
26155
26156
26164
26165
26166
26167
26178
26179
26180
26181
26192
26193
26194
26195
26196
26197
26198
26199
26200
26201
26204
26205
26206
26207
26208
26209
26210
26216
26217
26226
26227
26228
26229
26230
26231
26232
26233
26234
26235
26236
26237
26238
28334
28399
28400
29599
29600
29800
29801
29802
29803
29804
29805
29806
29807
29808
29809
29810
29811
29812
29813
29814
29815
29816
29817
29818
29819
29820
29821
29822
29823
29824
29825
29826
29827
29828
29829
29830
29831
29832
29833
29834
29835
29836
29837
29838
29839
29840
29880
29882
29883
29884
29885
29886
29887
29888
29889
29894
29895
29897
29898
29899
29973
29974
29980
29981
29982
29997
29998
29999
30003
30004
30165
30799
30800
30834
30923
30930
30933
30934
30935
30936
30937
30938
30939
30940
30941
30942
30943
30944
30945
31072
31138
31139
31140
31141
31142
31143
31144
31145
31146
31147
31148
31149
31150
31151
31152
31153
31154
31155
31156
31157
31158
31159
31160
31161
31162
31163
31164
31165
31166
31167
31168
31169
31170
31171
31172
31173
31174
31175
31176
31177
31178
31179
31180
31181
31182
31183
31184
31295
31296
31297
31298
31304
31305
31306
31307
31308
31309
31310
31311
31312
31313
31314
31315
31316
31317
31318
31319
31320
31321
31322
31323
31324
31325
31326
31327
31328
31329
31330
31331
31332
31333
31334
31335
31336
31337
31338
31339
31340
31341
31342
31343
31344
31345
31346
31347
31348
31349
31350
31351
31352
31353
31354
31355
31356
31357
31358
31359
31360
31361
31362
31363
31364
31365
31366
31367
31368
31369
31558
31562
32512
32513
32514
32567
32607
32608
32609
32611
32613
32615
32616
32620
32621
32625
32626
32666
32667
