-------------- Unbalanced objects ---------------
22
89
99
360
592
593
700
701
1005
1007
1060
1061
1501
1608
1609
2099
3000
3005
3014
3055
3056
3058
3507
3509
3537
3545
3555
3558
3579
3601
3739
3740
3741
3742
3743
3744
3745
3750
3751
3752
3753
3796
3798
4025
4026
4029
4039
4588
4590
4598
4599
5903
5904
5905
5906
6508
6602
6603
6604
6605
6607
6608
6609
6610
6611
6617
6624
6625
6627
6628
6650
6666
6667
6693
6710
6714
6716
6717
6719
6796
7050
7066
8901
9102
9175
9184
10300
10301
10309
10310
10495
10496
10498
10499
10500
10708
10899
12012
12013
12014
12016
12017
12018
12023
12024
12027
12029
12062
12064
12078
13002
13007
13026
13045
14143
14476
14482
15222
15223
15303
15397
16043
16044
16047
16052
16053
16055
16061
16088
16096
16097
16098
16099
16101
16114
16121
16122
16123
16124
16125
16126
16139
16140
16141
16142
16143
16145
16146
16155
16156
17019
17020
17021
17052
17143
17146
17150
17184
17197
17199
17230
17232
17234
17230
17232
17234
17503
18101
19003
19010
19011
19013
19075
19101
19109
19110
23000
23010
23012
23042
23055
24187
24188
25000
25196
27003
27005
27012
27100
29804
29808
29810
29811
29815
29819
29821
29822
29824
29826
29828
29835
29837
29839
29840
29893
29896
30137
30168
30169
30257
30258
30299
31114
