-------------- Rooms with no exits --------------
0
2
3
4
5
6
9
11
13
14
21
25
26
30
31
32
33
35
37
39
41
42
43
49
50
51
52
53
54
55
60
65
66
67
70
72
73
74
75
77
79
80
81
85
86
87
88
89
90
93
94
96
97
98
200
369
374
382
385
386
398
456
499
500
783
999
1023
1340
1346
1347
1348
1349
1351
1399
1402
1420
1455
1478
1479
1497
1498
1506
1507
1508
1509
1510
1511
1512
1513
1519
1521
1635
1665
1666
1917
1918
1920
1921
1922
1923
1924
1925
1926
1927
1928
1929
1930
1931
1932
1933
1934
1935
1936
1937
1938
1939
1940
1941
1942
1943
1944
1945
1946
1947
1948
1949
1950
1951
1952
1953
1954
1955
1956
1957
1958
1959
1960
1961
1962
1963
1964
1965
1966
1967
1968
1969
1970
1971
1972
1973
1974
1975
1976
1977
1978
1979
1980
1981
1982
1983
1984
1985
1986
1987
1988
1989
1990
1991
1992
1993
1994
1995
1996
1997
1998
1999
2100
2560
2675
3060
3066
3387
3444
3522
3572
3573
3594
3597
3600
3601
3602
3700
3709
3710
3711
3712
3717
3718
3741
3742
3743
3748
4131
4147
4148
4149
4150
4151
4152
4153
4154
4155
4156
4157
4158
4159
4160
4161
4162
4163
4164
4165
4166
4167
4168
4169
4170
4171
4172
4173
4174
4200
4201
4202
4203
4204
4205
4206
4207
4208
4209
4210
4211
4212
4213
4214
4215
4216
4217
4218
4219
4220
4221
4222
4223
4224
4225
4226
4227
4228
4229
4230
4231
4232
4233
4234
4235
4236
4237
4238
4239
4240
4900
5188
5189
5191
5193
5203
5231
5234
5902
5903
5904
5905
5906
5907
5908
5909
5910
5913
6000
6036
6040
6041
6043
6044
6045
6051
6072
6090
6099
6120
6162
6200
6252
6255
6281
6283
6299
6362
6363
6364
6365
6400
6450
6451
6457
6458
6467
6468
6469
6470
6471
6472
6473
6474
6475
6496
6497
6777
6791
7297
7300
8800
8878
8883
8885
8886
8887
8898
8899
8900
9018
9178
9277
9278
9303
9323
9327
9328
9329
9330
9332
9333
9832
9833
9899
10000
10147
10199
10386
10466
11099
11300
11500
11887
11890
11893
11894
11895
11896
12017
12040
12043
12059
12061
12062
12063
12064
12066
12067
12068
12069
12071
12072
12073
12074
12076
12077
12087
12099
12135
12150
12184
12199
12577
12611
12630
12699
13038
13039
13040
13041
13042
13044
13047
13053
13081
13091
13092
13099
13120
13200
13201
13202
13203
13209
14116
14117
14118
14119
14120
14121
14122
14123
14124
14125
14181
14182
14183
14184
14185
14186
14187
14188
14189
14190
14191
14192
14193
14194
14195
14196
14197
14198
14199
14200
14297
14298
14299
15000
15100
15106
15200
15323
15332
15333
15338
15398
15597
15715
15717
15718
15719
16029
16045
16064
16132
16192
16388
16402
16403
16404
16407
16408
16409
16413
16414
16435
16437
16438
16441
16442
16443
16444
16445
16446
16449
16452
16453
16457
16461
16462
16463
16464
16467
16468
16469
16472
16473
16474
16475
16480
16481
16482
16483
16484
16485
16486
16487
16488
17500
17559
17590
17599
18196
18200
19025
19199
22600
23098
23099
23209
23301
23319
23347
23414
23590
24099
24190
24191
25148
25200
25213
25300
25389
25601
25682
25683
25684
25685
25686
25687
25691
25971
25972
25973
25974
25975
25998
25999
26011
26012
26013
26014
26022
26027
26028
26041
26042
26052
26055
26069
26083
26111
26122
26125
26127
26128
26136
26139
26153
26155
26156
26164
26165
26166
26167
26178
26179
26180
26181
26192
26193
26194
26195
26200
26201
26204
26205
26206
26207
26208
26209
26210
26216
26217
26226
26227
26228
26229
26230
26231
26232
26233
26234
26235
26236
26237
26238
28104
28334
28399
28917
28942
28973
28975
28976
28978
28979
28995
29043
29599
29600
29708
29800
29801
29802
29803
29804
29805
29806
29807
29808
29809
29810
29811
29812
29813
29814
29815
29816
29817
29818
29819
29820
29821
29822
29823
29824
29825
29826
29827
29828
29829
29830
29880
29882
29883
29884
29885
29886
29887
29888
29889
29894
29895
29897
29898
29899
29973
29974
29980
29981
29982
29988
29997
29999
30003
30004
30165
30308
30591
30680
30799
30800
30834
30923
30930
30933
30934
30935
30936
30937
30938
30939
30940
30941
30942
30943
30944
30945
31000
31458
31500
31508
31529
31554
31558
31560
31566
31567
31575
31580
31668
31672
31673
31674
31675
31676
31739
32000
32199
32512
32513
32514
32567
32607
32608
32610
32611
32613
32614
32615
32616
32620
32621
32622
32623
32624
32625
32626
32628
32630
32631
32633
32634
32635
32642
32643
32644
32645
32650
32651
32652
32653
32654
32655
32656
32657
32658
32659
32660
32666
32667
32680
32689
32690
32698
32700
