-------------- Unbalanced objects ---------------
22
34
51
60
69
89
301
341
761
1005
1022
1060
1061
1072
1102
1103
1104
1105
1106
1107
1154
1608
1609
2510
3000
3009
3013
3055
3056
3058
3069
3074
3146
3150
3509
3537
3545
3555
3579
3601
3683
3686
3739
3740
3741
3742
3743
3744
3745
3750
3751
3752
3753
3796
3798
4029
5014
6508
6716
6717
6719
6738
6790
6796
7102
7104
7108
7110
7114
7500
7501
7502
7505
7506
7507
8901
10300
10301
10309
10310
10495
10496
10498
10499
10500
10717
10717
11854
11899
11994
11995
12002
12012
12013
12014
12016
12017
12023
12024
12027
12029
12062
12064
12078
12192
12500
12507
12508
12699
13007
13026
13045
13072
13111
13295
14143
14413
14416
14452
14461
14476
14482
14491
14495
14557
14562
14593
14597
15222
15303
15397
16043
16044
16047
16052
16053
16055
16061
16088
16096
16097
16098
16099
16114
16155
16156
17006
17007
17008
17009
17010
17011
17020
17021
17022
17023
17024
17025
17026
17027
17028
17029
17030
17031
17032
17166
17184
17197
17199
17503
17560
17569
17570
17571
17572
17573
17574
17575
17576
17577
17578
18101
18133
18137
18178
18179
18180
18181
18195
19003
19010
19011
19013
19075
19101
19109
19110
19198
23000
23010
23012
23042
23055
23080
23108
23500
23573
24187
24188
25000
25196
25629
25630
25632
25633
25950
25951
28400
28401
28402
29710
29727
29804
29808
29810
29811
29815
29819
29821
29822
29824
29826
29828
29835
29837
29839
29840
29893
29896
30137
30168
30169
30220
30221
30222
30257
30258
30299
32664
32687
